25.1500 43.2819 344.0000
-1.4722 51.9676 344.0000
3.8186 75.4527 344.0000
14.4933 10.9277 295.0750
0.7421 21.6016 295.0750
10.6973 49.6305 295.0750
38.0531 -9.4827 246.6020
0.2126 8.8626 246.6020
16.9103 34.4304 246.6020
12.9576 -30.4223 194.3750
-0.3480 -11.4488 194.3750
26.2623 5.2773 194.3750
55.4425 -42.4789 137.3600
-0.6346 -12.6310 137.3600
38.8143 -3.3174 137.3600
12.9483 -20.9700 80.9750
-1.0039 -3.9209 80.9750
34.0597 12.0416 80.9750
20.8681 -20.0754 38.9750
-0.6358 6.5182 38.9750
39.3104 19.8302 38.9750
45.1632 -12.5037 -4.4000
-1.1139 13.4320 -6.2200
35.2661 45.1356 -7.0900
