25.1500 1.4775 344.0000
7.3996 18.3892 344.0000
20.4505 35.1625 344.0000
10.9416 -6.2593 295.0750
4.5910 9.1192 295.0750
26.3392 28.1083 295.0750
37.3163 7.2964 246.6020
-5.7496 22.3187 246.6020
10.4655 47.9453 246.6020
9.6754 5.5536 194.3750
-8.7141 18.1776 194.3750
9.1659 42.5072 194.3750
37.6688 -10.3544 137.3600
0.6215 14.3144 137.3600
34.4226 32.3434 137.3600
24.4374 -4.9236 80.9750
8.2205 9.9964 80.9750
39.4585 30.4086 80.9750
28.4548 -14.6722 38.9750
5.4180 11.2112 38.9750
44.6706 27.1526 38.9750
45.4301 -12.2397 -4.4000
-0.6197 13.9398 -6.2200
35.4943 45.3668 -7.0900
