25.1500 55.0872 344.0000
-19.1246 49.0612 344.0000
-33.6935 87.3776 344.0000
31.3718 -28.0609 295.0750
37.2233 -2.1580 295.0750
86.6249 -1.9187 295.0750
21.6361 -126.3689 246.6020
53.4930 -9.7637 246.6020
123.2628 -15.5385 246.6020
9.6132 -18.9523 194.3750
-2.4778 -0.0640 194.3750
24.5932 15.1650 194.3750
-16.6511 39.7648 137.3600
-43.2624 33.8989 137.3600
-39.9129 114.3609 137.3600
-12.5289 45.8852 80.9750
-46.1801 41.9874 80.9750
-43.2446 99.6079 80.9750
11.6214 15.4676 38.9750
-26.6632 29.7883 38.9750
6.6988 68.9067 38.9750
43.3212 -9.4258 -4.4000
-3.9469 16.9283 -6.2200
33.4903 47.1624 -7.0900
