25.1500 24.6348 344.0000
8.6991 41.9677 344.0000
22.7237 57.4530 344.0000
16.4928 18.6149 295.0750
5.6245 31.9144 295.0750
22.3080 54.7818 295.0750
51.9969 17.7028 246.6020
4.1551 35.9510 246.6020
19.7137 62.1253 246.6020
19.8935 11.3702 194.3750
2.8306 25.2489 194.3750
22.7366 47.5701 194.3750
32.8497 -1.0122 137.3600
1.2186 21.5079 137.3600
33.8856 43.8445 137.3600
16.5935 2.9659 80.9750
0.1467 17.4569 80.9750
30.3459 39.4291 80.9750
22.7140 -10.3643 38.9750
-0.5336 15.2408 38.9750
38.9726 31.1891 38.9750
45.1341 -11.9619 -4.4000
-1.1724 14.3605 -6.2200
35.3123 45.5775 -7.0900
