25.1500 3.3154 344.0000
-2.2761 12.6856 344.0000
5.3571 35.6280 344.0000
14.1482 -1.7415 295.0750
1.9790 9.5213 295.0750
13.7256 36.2770 295.0750
39.9965 0.4964 246.6020
1.1582 23.2976 246.6020
21.1637 46.5712 246.6020
9.2558 -0.7536 194.3750
-1.7085 20.2350 194.3750
27.2874 33.8717 194.3750
33.3140 -25.5803 137.3600
-3.0907 21.5738 137.3600
39.6509 26.7600 137.3600
8.7206 -1.0102 80.9750
-2.6974 18.5525 80.9750
34.4108 30.6007 80.9750
18.9728 -12.2945 38.9750
-1.3605 15.5507 38.9750
39.7627 26.8400 38.9750
45.0683 -12.0391 -4.4000
-1.2060 14.3548 -6.2200
35.3405 45.4720 -7.0900
