25.1500 2.2148 344.0000
7.8579 19.2424 344.0000
20.8411 35.8316 344.0000
11.2388 -7.1306 295.0750
5.5907 8.8117 295.0750
28.6653 26.7765 295.0750
37.1655 6.8894 246.6020
-5.9799 21.6944 246.6020
10.0942 47.5084 246.6020
9.3828 6.6568 194.3750
-9.8903 18.2666 194.3750
6.7910 43.8065 194.3750
37.3861 -10.5349 137.3600
0.4376 14.6848 137.3600
34.2637 32.4345 137.3600
25.1814 -5.5493 80.9750
9.4650 9.8805 80.9750
41.3546 29.1672 80.9750
29.2873 -15.2594 38.9750
6.6173 10.9384 38.9750
46.1176 26.4272 38.9750
45.7843 -12.3737 -4.4000
-0.2554 13.7542 -6.2200
35.7813 45.2652 -7.0900
