25.1500 1.0318 344.0000
9.0277 19.2462 344.0000
25.0518 33.9327 344.0000
11.0911 -0.7079 295.0750
1.2968 12.1989 295.0750
16.8888 35.7617 295.0750
38.6150 6.3666 246.6020
-5.0672 20.1729 246.6020
10.1031 46.6241 246.6020
8.5438 -0.8629 194.3750
-8.2873 13.6571 194.3750
12.1389 35.4005 194.3750
30.6251 -16.1794 137.3600
-8.6380 14.3392 137.3600
25.1191 34.2635 137.3600
9.5381 -1.3391 80.9750
-6.0169 13.9590 80.9750
25.4918 33.6396 80.9750
19.9258 -11.9154 38.9750
-3.0185 13.8098 38.9750
36.7043 29.1679 38.9750
45.0134 -12.0382 -4.4000
-1.3534 14.2079 -6.2200
35.1903 45.4791 -7.0900
