25.1500 7.1569 344.0000
-8.8759 11.0191 344.0000
-6.8513 39.0659 344.0000
19.7147 -2.0682 295.0750
-0.4728 3.5924 295.0750
-3.1365 41.0937 295.0750
54.9964 22.1945 246.6020
-6.0575 13.0861 246.6020
-7.6775 50.4687 246.6020
24.4355 2.9581 194.3750
-0.6661 8.2649 194.3750
7.9849 41.3472 194.3750
35.9224 4.6578 137.3600
-0.6299 10.9309 137.3600
24.4267 44.6705 137.3600
18.6610 0.4932 80.9750
-0.6409 11.9690 80.9750
25.6662 39.4694 80.9750
23.9013 -11.0860 38.9750
-0.9712 13.1845 38.9750
37.5935 31.9673 38.9750
45.1050 -12.0230 -4.4000
-1.2307 14.1494 -6.2200
35.2325 45.5346 -7.0900
