25.1500 -2.2629 344.0000
7.9264 15.1273 344.0000
23.2489 30.6093 344.0000
16.4438 -4.1603 295.0750
6.4472 9.0353 295.0750
22.5964 32.3319 295.0750
46.6411 -0.3283 246.6020
4.8759 17.7357 246.6020
20.8081 43.9220 246.6020
20.7235 -2.3975 194.3750
3.5491 11.7926 194.3750
23.7800 33.8852 194.3750
38.9659 -7.0370 137.3600
1.8852 13.0218 137.3600
34.3182 35.0037 137.3600
17.1125 -1.3401 80.9750
0.5342 12.9501 80.9750
30.6194 35.2622 80.9750
22.9628 -12.1479 38.9750
-0.3380 13.3927 38.9750
39.0050 29.6006 38.9750
45.1073 -12.0740 -4.4000
-1.1550 14.1451 -6.2200
35.3127 45.4594 -7.0900
