15.1500 1.3200 344.0000
-0.7000 19.9350 344.0000
15.1500 34.0500 344.0000
7.9550 -0.6000 295.0750
-0.7000 12.8350 295.0750
16.2950 35.3000 295.0750
40.4750 2.6450 246.6020
-0.8000 20.9750 246.6020
16.5250 46.1250 246.6020
15.4500 -0.8000 194.3750
-0.9000 14.2350 194.3750
20.3900 35.2500 194.3750
36.0180 -9.2470 137.3600
-0.9000 14.5750 137.3600
32.3320 35.3600 137.3600
15.3850 -0.8000 80.9750
-0.9000 13.8650 80.9750
29.6850 35.3500 80.9750
22.2350 -11.8700 38.9750
-0.9000 13.7750 38.9750
38.6000 29.6750 38.9750
45.1000 -12.0500 -4.4000
-1.2000 14.2000 -6.2200
35.2850 45.4800 -7.0900
